off_415 = zeros(4,4,2);
off_415(1,1,:) = [6,173];
off_415(1,2,:) = [-115,200];
off_415(1,3,:) = [-257,240];
off_415(1,4,:) = [-358,272];
off_415(2,1,:) = [-60,0];
off_415(2,2,:) = [-125,20];
off_415(2,3,:) = [-305,40];
off_415(2,4,:) = [-397,137];
off_415(3,1,:) = [-47,-183];
off_415(3,2,:) = [-172,-150];
off_415(3,3,:) = [-303,-109];
off_415(3,4,:) = [-422,-70];
off_415(4,1,:) = [-107,-350];
off_415(4,2,:) = [-218,-343];
off_415(4,3,:) = [-351,-301];
off_415(4,4,:) = [-474,-230];
off_622 = zeros(4,4,2);
off_622(1,1,:) = [6,173];
off_622(1,2,:) = [-117,173];
off_622(1,3,:) = [-257,241];
off_622(1,4,:) = [-358,243];
off_622(2,1,:) = [-41,3];
off_622(2,2,:) = [-115,11];
off_622(2,3,:) = [-286,47];
off_622(2,4,:) = [-380,128];
off_622(3,1,:) = [-45,-187];
off_622(3,2,:) = [-175,-183];
off_622(3,3,:) = [-307,-109];
off_622(3,4,:) = [-422,-102];
off_622(4,1,:) = [-91,-342];
off_622(4,2,:) = [-207,-351];
off_622(4,3,:) = [-336,-292];
off_622(4,4,:) = [-456,-244];
off_875 = zeros(4,4,2);
off_875(1,1,:) = [6,173];
off_875(1,2,:) = [-128,186];
off_875(1,3,:) = [-255,242];
off_875(1,4,:) = [-379,259];
off_875(2,1,:) = [-42,-32];
off_875(2,2,:) = [-139,-63];
off_875(2,3,:) = [-285,12];
off_875(2,4,:) = [-405,60];
off_875(3,1,:) = [-45,-186];
off_875(3,2,:) = [-187,-175];
off_875(3,3,:) = [-307,-109];
off_875(3,4,:) = [-440,-86];
off_875(4,1,:) = [-90,-376];
off_875(4,2,:) = [-231,-425];
off_875(4,3,:) = [-336,-327];
off_875(4,4,:) = [-483,-304];
